0,410
102,36
102,35
34,3
14,6
3,2
10,170
10,156
10,296
10,212
10,64
10,18
10,80
10,122
11,10
11,22
11,16
11,26
11,12
11,14
48,3
48,1
11,24
11,2
11,3
36,10
9,4
9,6
36,1
34,153
34,152
34,151
34,150
34,149
34,148
34,147
34,146
34,145
34,144
34,143
34,142
34,141
34,140
34,139
34,138
34,137
34,136
34,135
34,134
34,133
34,132
34,131
34,130
34,129
34,128
34,127
34,126
34,125
34,124
34,123
34,122
8,9
8,4
34,121
34,120
34,119
34,118
34,117
34,116
34,115
34,114
34,113
34,112
34,111
34,110
34,109
34,108
34,107
34,106
8,16
8,5
8,11
34,105
34,104
34,103
34,102
34,101
34,100
34,99
34,98
34,97
34,96
34,95
34,94
34,93
34,92
34,91
34,90
8,12
8,2
8,3
0,318
12,1
12,3
34,89
34,88
34,87
34,86
34,85
34,84
34,83
34,82
34,81
34,80
34,79
34,78
34,77
34,76
34,75
34,74
34,73
34,72
34,71
34,70
34,69
34,68
34,67
34,66
34,1
34,65
12,2
11,27
11,25
20,2
20,1
11,23
20,3
11,21
11,17
19,2
19,1
11,11
11,1
19,3
11,5
10,291
10,277
10,261
10,209
10,179
10,173
10,149
10,1
10,29
10,3
